2.473000000000000000e+03
3.458000000000000000e+03
3.216000000000000000e+03
4.244000000000000000e+03
2.494000000000000000e+03
3.458000000000000000e+03
3.176000000000000000e+03
4.270000000000000000e+03
2.495000000000000000e+03
3.411000000000000000e+03
3.176000000000000000e+03
3.136000000000000000e+03
3.080000000000000000e+03
3.445000000000000000e+03
3.265000000000000000e+03
3.297000000000000000e+03
0.000000000000000000e+00
0.000000000000000000e+00
0.000000000000000000e+00
0.000000000000000000e+00
0.000000000000000000e+00
0.000000000000000000e+00
0.000000000000000000e+00
0.000000000000000000e+00
0.000000000000000000e+00
0.000000000000000000e+00
0.000000000000000000e+00
0.000000000000000000e+00
0.000000000000000000e+00
0.000000000000000000e+00
0.000000000000000000e+00
3.811739990234375000e+03
1.151520019531250000e+03
2.086620849609375000e+03
4.613760253906250000e+03
1.755000122070312500e+03
2.769738525390625000e+03
1.895760009765625000e+03
3.754920166015625000e+03
1.632628784179687500e+03
1.741140014648437500e+03
1.686839965820312500e+03
1.299830444335937500e+03
7.958399658203125000e+02
9.711600585937500000e+03
8.701642578125000000e+03
9.089400634765625000e+02
8.355600585937500000e+02
1.150274414062500000e+03
1.222320068359375000e+03
1.681680053710937500e+03
1.628369628906250000e+03
2.087760009765625000e+03
1.638840087890625000e+03
1.643954223632812500e+03
1.232280029296875000e+03
1.002059997558593750e+03
1.073415039062500000e+03
8.261400146484375000e+02
3.942480224609375000e+03
6.886545410156250000e+03
4.894200134277343750e+02
9.193200683593750000e+02
6.081943969726562500e+02
3.321600341796875000e+02
5.742000122070312500e+02
4.555407409667968750e+02
1.697880126953125000e+03
8.251199951171875000e+02
9.861984252929687500e+02
5.787000122070312500e+02
8.367600097656250000e+02
5.984176025390625000e+02
8.287800292968750000e+02
4.426799926757812500e+02
7.012192993164062500e+02
