8.824061689302320488e-02 9.857266252664062534e-02 3.030106985243954387e-01 8.273611526906107239e-01 9.303511152131035411e-01 5.374068358909996901e-01 6.401762857087446579e-02 1.731859447673213537e-01 4.587148674561914441e-01 7.318864581733611763e-01 2.737872733711327333e-01 6.699947129691963266e-01 5.064368084318863206e-01 1.180643926216874001e-01 3.687062327847734911e-01 4.926595965507252761e-01
6.181158517506060157e-01 6.847188741437185699e-01 6.148662554574202410e-01 1.387462915306578726e-01 3.647837020413831621e-01 3.098237511543266640e-02 2.886377447416396125e-01 4.442034369595630472e-01 1.010183206090648489e-01 2.860663968362401818e-02 6.906346735536814663e-01 6.516742475965706660e-01 2.218275702481505574e-01 5.840065640659617419e-01 2.927175683301471709e-01 2.227915821075317493e-01
3.781519899158816700e-01 6.956857482264536818e-01 1.547559205902651613e-01 4.260586680165383000e-01 5.848851167474767854e-01 1.185136601508694765e-01 5.940507354238807464e-02 5.203766141668987322e-01 6.808132996869739606e-02 3.501135459255221294e-01 6.462620966977227210e-01 7.400407948658326296e-01 6.466728181743056636e-01 3.846544315569619399e-01 6.499419360013504454e-02 4.678547332117047319e-01
5.497185793214718341e-01 7.996747780489272817e-01 5.555679564770201750e-01 8.442131769138025987e-01 5.560843487810613883e-01 7.677731670048506540e-01 2.997445857929346702e-01 5.376229178567649702e-01 1.458907655530662373e-01 8.202648080399763675e-01 5.204220871399060089e-01 8.277170985396155034e-01 1.966700448914340815e-01 5.267088066804511692e-01 2.403046344969892445e-01 4.662042341506203447e-01
1.895909495807819867e-01 5.566678770695167033e-01 9.783286241219159296e-02 4.379927514544697531e-01 2.518312858598156095e-02 8.019360512316483502e-01 4.126351627016015544e-01 6.637034741776907110e-01 4.444774401088945615e-01 7.805900458419799959e-01 3.049932478189914531e-01 5.817406300524535778e-01 5.871448554116364127e-01 3.886686414062350270e-01 9.425623621949058561e-01 3.190081657347015182e-02
5.373185203329572390e-01 7.477861305247092139e-01 6.183563744329256123e-02 2.998093384542275253e-01 2.283660812871791401e-01 2.558172191165009046e-01 6.513195211243772986e-01 5.186230949156206416e-01 8.687275768463670333e-01 7.898848046231949915e-01 3.092044306028333689e-01 6.739141064189145824e-01 8.619863139896968285e-01 8.789131422094526025e-01 7.399629203398423449e-01 7.969251933823788825e-01
7.066487009659259133e-01 3.717092693146529792e-01 2.826487926323947159e-02 3.428422918950005949e-01 8.111460937068891430e-02 9.816068928566152874e-01 1.650770301412061158e-01 4.093053209439308504e-01 8.510142617997190628e-01 7.305313333447861490e-01 8.852835398420172419e-02 5.834363408584827271e-01 7.528461385403895090e-01 4.924789226586911983e-01 8.798508547454039208e-01 5.965304589506950084e-01
3.299621010285892497e-01 7.140347573568821549e-01 7.901038295214608542e-01 2.306191616989378412e-01 8.135270444952910074e-01 1.099742053352394250e-01 4.810781566898702510e-01 8.866161472626324924e-01 6.201801301336866690e-01 4.645558665793697584e-01 8.110491846528363746e-01 4.882358420345218608e-01 5.908321981989492766e-01 8.024825657126531953e-01 3.334762556458378130e-02 1.053345124768849395e-01
2.178898020518952594e-01 1.933189556078039884e-01 5.075485325092148337e-01 8.120090561525260542e-01 7.258830797189221029e-02 9.508869120201990377e-01 9.732726994506448737e-01 2.063443990777868164e-01 4.385891527936088691e-02 8.074944316728267513e-01 6.523707638116041929e-01 5.394114841531686411e-01 5.653934375308068416e-01 7.564990289674324853e-01 5.977835022731120551e-01 7.694949578529887424e-02
2.362358567881183424e-01 4.017326854643222811e-01 3.888470705578601916e-02 1.927589572321756761e-01 3.798349571530303392e-01 8.439428259318301206e-01 9.199792649968234481e-02 5.498498160727995909e-01 4.695658681801443413e-01 6.462557864072511205e-01 3.746343260326362445e-01 7.028634067040380184e-01 2.991266585028746761e-01 3.154319342282826694e-03 1.411488377550333961e-01 8.958337938174408821e-01
8.363567649368192081e-01 5.908673641567477874e-01 3.231301784958143242e-01 7.309846256372355411e-01 6.685653352353587708e-01 7.500289420430130694e-01 1.634835593638456208e-01 1.568374819568435019e-03 8.640505231788075946e-01 2.653385674670095118e-01 6.501330884748294237e-01 7.164315960766775016e-01 4.848872853093426083e-01 9.055686467426460329e-01 9.752232016506055812e-02 3.910591967989783257e-01
6.960925065965078984e-02 5.510952391359411617e-01 3.851319310300560517e-01 8.109069924739151780e-01 7.927171741912824032e-01 3.042225713524290276e-01 7.761080678355105622e-01 8.661040542537701281e-01 1.450781430210343059e-01 1.789146176307291058e-01 1.351428267645602421e-01 4.060038589934943376e-01 7.405398433193258745e-01 9.601421239631904303e-01 8.451319936953208822e-01 1.572058629132939145e-01
5.935316747695817963e-02 2.733720405248849517e-01 8.809647610499682369e-01 1.055309172799017738e-02 6.269470231260308724e-02 6.970508163197529639e-01 4.481029356163576671e-01 1.084597321166563128e-02 8.329614832747306297e-01 4.947196919423993422e-01 3.648144201548829124e-01 2.399102258314169886e-02 4.940607261804820793e-01 9.954563209782985034e-01 1.780215598855946491e-01 1.429672679687586101e-01
4.066867817809295405e-01 6.855165346412243066e-01 9.451389854431347937e-01 9.235932924216103679e-01 3.557271262986601568e-01 3.644928648792281622e-01 8.937998241046587466e-01 4.911667744110821965e-01 1.860709913641290791e-01 6.580059941055521611e-01 8.523784317036896541e-01 7.108631795845181678e-01 4.495207642016173510e-01 7.759483762963294007e-01 3.897705524733485749e-01 2.754707056878034077e-01
2.472549908767548987e-01 1.828944143290696100e-01 1.255831346113608638e-01 4.420324281643993047e-01 6.593611715080025526e-01 5.200174205399145377e-02 5.660962054255239823e-02 8.723827410612389199e-01 8.959738000553356674e-01 3.086019494052827383e-01 4.497615962586344329e-01 6.834134673411599303e-01 3.123562160302303936e-01 1.810176313174938489e-01 3.925058941177276828e-01 6.702377066995747201e-01
1.392286054824220520e-01 7.907226049086568676e-01 3.114219839198876238e-01 1.204345220187102126e-02 4.682467581163283210e-01 7.201304543062585495e-01 7.046076128746552314e-01 3.668201398808079161e-01 5.612143428730591577e-01 5.118766719296158341e-01 7.236320445347919073e-01 1.490513490772674421e-01 6.762327107554754191e-01 7.584806647080801767e-01 3.217981453772564837e-01 6.831133083482430202e-01
7.890703562231133894e-01 2.485833058757374037e-01 7.718384776967689431e-01 5.348988347849318314e-01 7.237682300645446043e-01 2.091806458017947401e-01 4.891295499816011860e-02 1.499357415075778521e-01 6.845049562297856882e-01 2.822454240723749619e-01 9.423075724262195418e-01 2.385175742098307183e-01 3.067189311970128576e-02 4.314144237125564496e-01 7.337302883151606281e-01 4.285976864184045665e-01
1.037347624057453899e-01 4.892055974704554444e-01 6.338276326482793488e-01 7.509963934606733726e-01 2.838706793978795218e-01 1.622251126313296321e-01 5.589407293522471454e-01 5.693277940851819707e-01 7.038053250488713886e-01 9.385395821962988494e-02 6.948704393320198625e-02 4.460201444111564495e-01 8.115078932121211341e-01 2.480825108605864415e-01 9.276014393019921256e-01 2.532136770704186968e-01
1.439140415340335877e-01 6.073982039114408371e-01 3.255149579025244932e-01 5.091545859976233102e-01 8.580944242976175362e-02 9.691003277375647151e-01 7.862326027872971190e-01 1.616723198041711551e-01 8.532367747766212984e-01 3.451515740054745818e-01 6.437442021726537122e-01 3.384648900479497180e-01 6.805054846818830994e-01 2.502067062559775734e-01 6.397330575669138986e-01 9.542264826503891184e-01
1.294112916746303632e-01 1.792845456170141516e-01 4.984548036860292908e-01 9.333785217667002199e-01 6.649953462212793154e-01 4.012072897578853325e-01 7.584567306027867328e-01 1.310721571213281922e-01 4.041173061154799684e-01 8.117908890711509340e-01 1.766230117568367564e-01 8.184798962507096043e-01 2.487873701881617994e-01 2.675282031204976319e-01 3.234494903448503211e-01 6.603040084865599013e-01
3.276074247103060721e-01 2.820044437147330441e-01 3.990999242354833498e-01 6.274293168103529661e-01 4.465785998741467200e-01 4.443463344958379357e-01 5.908572992495617626e-01 5.195706667388954036e-01 9.479417683964000974e-01 9.463951203624847430e-01 9.778257818638174115e-01 1.236405998137792145e-01 3.374164867426446834e-01 1.748914160604714274e-02 4.046726936124794283e-01 3.363274456893989295e-01
3.652028016825892842e-01 3.158373793132854268e-01 2.916956558420435303e-02 1.301781001472223365e-01 1.483343745665964830e-01 8.924869703038206259e-01 4.064541242040235480e-01 9.804720140487334368e-02 7.840624575078007918e-01 3.078298936804786945e-01 2.531448837075528369e-01 2.346118773593231510e-01 2.122404534785364560e-01 5.620088079604453890e-01 4.025370769959100703e-01 8.088922402909312082e-01
1.072908359555995728e-01 5.229486143825967659e-01 9.066025623099002173e-01 8.935538550062673835e-01 5.924809665612256193e-01 2.686404628326207189e-01 5.856489574008248988e-01 8.203128437129218742e-03 5.210288290996633043e-01 4.732267555626073485e-01 1.027744663866398955e-01 8.563121082864046940e-01 9.365310729153702995e-01 9.477575401983032721e-01 1.364728983523263439e-01 9.187340437849333963e-01
2.591424421139792988e-02 4.997051590145699107e-01 6.113227781138500516e-01 1.123828872872285334e-01 3.336964654341643133e-01 4.910708365692607047e-01 1.096335792397955533e-01 8.616381218983357737e-01 6.114071821937973050e-01 2.778651564476959379e-01 6.077286533758211595e-01 2.782799930157761961e-02 8.203096951418168414e-01 2.813160606857701418e-01 4.871854336053729750e-01 5.362591113305679308e-02
3.753718777939523688e-01 6.789349802063271433e-01 3.484531850856528029e-02 6.110194769086188180e-03 2.307023083441797975e-02 4.450720813125770281e-01 5.571881172684001182e-01 3.998105582393797208e-01 7.170633017190896075e-01 2.182432121100281175e-01 8.531708249747342876e-01 7.256197459825909357e-01 9.519822208501045324e-01 6.383086972714856477e-01 7.060510101881561917e-01 9.283430958409379097e-02
8.597522476287005055e-01 3.183503623308790997e-01 4.671498350296936219e-02 8.530453403973244919e-01 3.311358413905789999e-01 9.217190225110418744e-01 5.740413109337190178e-01 5.068258486674727115e-01 8.277123218292203877e-01 7.595618267340479290e-01 4.550281721210838182e-01 9.148971195080564112e-01 7.283053686089412393e-01 3.698122248287036978e-02 5.831781519314442885e-01 5.422734403921277702e-01
9.455559196977898484e-01 8.923719098298008578e-01 9.326491389754772987e-01 4.098038492866515857e-03 3.403385448585830586e-01 7.084403159772223457e-01 9.742831267439266973e-01 4.615725476062425559e-01 2.594325231124665065e-01 8.839861309615689722e-01 5.006243017284888186e-01 4.434229059067887890e-01 5.570647480765948956e-01 6.456882137669235355e-01 9.967995434636462981e-01 7.080252374871059962e-01
6.066402313087541076e-01 6.389328937788910090e-02 1.004376467087356034e-01 8.699827707972916935e-01 3.165846663334784261e-01 2.784819145645580640e-01 2.903971006975576419e-01 1.023543944136888657e-02 7.954408202599462241e-01 2.506697505261588077e-01 9.805078751134760351e-01 1.981124683918246421e-01 7.950049341810312420e-01 5.537270955235402692e-01 6.115172067178801241e-01 1.081192624714414491e-02
7.675365484051076548e-01 6.330303527244937056e-01 8.909813001986022218e-01 7.963478545076565496e-01 2.480727491072776958e-01 4.144609754334032670e-01 5.310321950662645341e-01 8.371384009813331861e-01 1.816412862855171506e-01 4.325181884089317891e-02 3.686137301472272587e-01 1.854051226423617804e-01 4.683946489720020590e-01 5.296148882330807828e-01 7.930296314470980379e-01 5.356840092062896685e-01
7.802288955935450243e-01 1.073374349422977631e-01 7.164190159154720794e-01 4.166919668949110173e-02 6.718801634879135731e-01 2.400885145551382716e-01 6.514624379707809609e-01 3.974554828026288789e-01 3.980684752216968880e-02 1.800291585462123478e-01 4.694642533363184711e-01 1.146516827043176784e-01 7.764801241657925956e-01 9.888914567291960944e-01 1.280273786829573546e-01 3.800024853744547459e-01
5.697881455620049662e-01 6.147865118155587671e-01 9.794679183265330158e-01 2.372670876398053907e-01 7.113331818625129310e-01 7.845025458852392664e-01 7.606321333289334241e-02 6.878490404346910836e-01 1.621737396791701757e-01 3.496402701513506850e-01 8.590571929321620948e-01 6.730425982322969514e-01 3.421848468657515685e-01 1.925702722895829971e-02 2.995963097523276011e-02 4.148017638557516817e-01
8.422685146687479696e-01 6.851550386367379897e-01 5.147493085226596543e-01 6.229720012926672768e-01 5.741127590043566542e-01 4.062020288313255012e-01 1.582204185672457242e-01 8.712994543384688928e-01 9.461837409456104186e-01 3.865731330517350739e-01 6.514814592844614394e-01 4.439245242210116960e-01 8.055989268834058414e-01 5.510723308577419183e-03 5.877372811766754523e-01 5.765385688060514768e-01
6.498175860224034706e-01 7.728548754178119484e-01 3.034717859236462645e-01 8.941925166838541328e-01 4.995866383958945667e-01 6.050482727257919802e-01 9.204208603778933906e-01 4.602990803140825649e-01 2.334838479350648810e-01 2.196803689965830947e-02 5.051657522801281802e-02 4.276270453531825777e-01 7.773019786888938354e-01 7.518630592282115055e-01 4.214890202903196631e-02 5.416884209148689067e-01
1.437403037741859513e-01 3.195041896811263715e-01 3.600708291851444087e-02 3.137992410125416964e-01 2.440916144969280110e-01 4.647697126094731956e-01 9.083840260490764207e-01 1.333580228695580849e-01 3.109148360977768630e-02 7.783582533231907519e-01 7.381923896397522000e-01 7.207648750969930518e-01 4.687987446681725068e-01 5.474236148540979618e-01 3.947667764041576377e-01 7.855532022310250939e-01
4.148839008850266352e-01 9.175199888236305057e-01 2.216632267339376239e-01 6.196633226146555096e-01 9.914434689304965631e-02 7.094486861288754609e-01 4.927049165685336574e-01 5.354705364273516510e-01 3.662045086752001577e-01 8.584477307770205234e-01 5.181207786535395599e-01 7.866871549512316486e-01 4.497422730275724700e-01 3.032658809434028990e-01 2.246981509741258209e-01 1.196960296924459433e-01
1.667221348563145689e-01 1.063852048182687277e-01 7.354770316430900845e-01 1.954753387954642208e-01 8.422984032567740753e-01 8.621006934745867323e-01 4.776845955663224230e-01 1.004462126600738303e+00 7.661964152473151879e-01 7.910521102883291134e-01 3.737765393050846985e-01 9.560939004737176727e-01 7.763959324449692945e-01 1.779153997510920238e-01 9.711064441256912760e-02 8.284823596333712459e-01
6.543897426977092202e-01 3.281855946885746667e-01 3.385517227944113278e-02 1.871097921801242459e-01 3.768396577529922187e-01 2.046895351750391001e-01 5.017876516720103375e-01 7.556252541483318153e-01 8.373989234723171471e-01 6.252340978571252483e-02 8.454328676661448938e-01 6.493334533972994205e-01 5.007448445717986585e-02 1.384313970298941543e-01 4.796795966456943727e-01 9.723456361237224899e-01
9.031092789001943233e-01 7.436705298208756698e-01 4.010675416325247822e-01 3.912279275539591317e-01 2.504898132398915567e-01 7.006861908405871420e-01 4.626509776188513778e-01 8.733045939938816060e-01 7.144099107170591711e-01 5.062478723479493237e-01 8.870500605248020642e-01 4.891596994309948543e-01 6.489696564507517751e-01 5.122231221170934524e-03 3.809650380824979865e-01 4.518482543028675136e-01
9.152475541740999476e-02 3.360543005036369102e-02 7.728298151363507396e-01 3.373064285222120984e-01 5.703107459861280759e-01 8.866606912754363412e-01 6.384012400573096935e-01 7.047484490303493887e-01 6.069808367877171928e-01 3.400649265096412632e-01 1.639005454384114546e-01 5.319491745389290926e-01 2.284969420939162998e-01 4.683465083363187453e-01 1.624000653132798289e-01 4.282421901032628653e-01
3.892346360746535283e-01 9.548625256571338094e-01 7.780133256281474008e-01 4.977122563281059509e-01 5.471100695597542751e-01 1.710321689132384693e-01 1.975462017984396246e-01 1.435396369919609283e-01 6.724260075613486265e-01 1.823566067668313528e-01 1.034674445647906955e-02 7.655922126937144689e-01 2.741517998326254979e-01 8.211406628960061793e-01 8.505555633158284889e-01 8.312261458963732252e-01
4.911289074728493187e-01 9.556824333895391765e-01 5.711859506394821873e-01 8.611471035021572851e-01 7.669771948227205316e-01 8.380050935598037931e-01 7.080451980998717643e-01 5.582484423498246251e-01 4.504245331650592044e-01 4.809035435438087092e-01 5.295669268510639904e-01 3.934348848589520609e-01 5.452624242312068548e-01 5.024427991550450834e-01 4.956893783975088730e-01 5.239328809124308428e-01
1.519749381187019410e-01 5.524952686974220484e-01 3.061920187471358842e-02 7.326095494252857776e-01 5.656923960411815999e-01 9.712948502881545432e-01 2.170709878816174179e-02 6.801484738485252812e-01 5.125097332975323550e-01 6.994269902846880216e-01 6.749255353294851822e-01 7.252712504757411471e-01 2.499438752866726954e-01 3.295610157697773102e-01 9.319794497835751645e-01 6.241638081548052108e-01
6.840739494947475907e-02 1.451866888004216816e-01 5.340761864136227555e-01 6.997393908199965873e-01 5.254290020987593124e-01 4.139066033205594519e-01 4.887970779451327741e-01 7.265259938559990305e-01 9.103000730610624203e-01 8.724028176701735804e-01 1.510832458874295514e-01 4.809394594473466178e-01 5.609446267491803306e-01 8.607059694896664892e-01 7.189288507726218080e-01 6.717911362230029049e-01
1.520303681472731927e-01 4.289492585366348476e-01 5.941739801033860680e-01 9.819838700973035905e-01 2.786231854069585734e-01 5.237332901344939895e-01 8.062622386516937745e-01 1.724347245190940847e-02 6.877926498395613153e-02 4.801747737788584769e-01 9.315591457845323609e-02 8.037325739917977607e-02 5.186444998848630528e-01 7.076533195440336543e-01 8.975854384457275792e-01 5.740655585010573381e-01
5.903810963143703988e-02 3.244387201498675211e-01 4.728948206397845522e-01 8.196097022817374622e-01 8.133800571754822295e-01 5.218786589063093562e-01 1.062925647755793845e-01 8.924061188592243843e-01 6.971188685272844410e-01 8.395397321855592176e-01 9.390443989861561036e-01 6.775009696551563820e-01 8.791865433190705348e-01 2.400791249624325066e-02 5.152946852947493106e-01 6.593510022103480361e-01
7.676179268471803319e-01 6.506266307383590242e-02 6.032966568213322667e-01 4.876910387643642597e-01 4.618945510708171165e-01 3.624684682522028023e-01 5.386436573096742286e-01 4.042234433685034101e-01 2.320422343507330398e-01 3.736911094270044531e-01 8.493240758822514502e-01 5.925683099831794420e-01 9.495258161415200959e-01 9.770729989850034380e-01 2.350878568080571052e-01 1.469708740256882307e-01
1.092766773937988989e-01 7.810940014733940284e-01 6.844739890914139924e-01 1.617263700325627107e-01 9.333416445602931155e-01 3.498815814258664503e-01 8.722235691307305139e-01 8.463864882424553260e-01 3.126992063913359154e-01 6.844670364817448394e-02 5.863860218406384828e-01 7.894928709364370523e-01 5.454899034406689440e-01 2.195919830557423180e-02 2.410132285134598262e-01 6.026424592221061305e-01
4.636704508614211684e-01 8.249569142803567789e-01 1.932107183077289847e-01 7.624733351803443249e-01 4.078582040952431487e-01 4.603939548929387726e-01 4.071903729951536488e-01 5.841158766533532942e-01 3.621760712774104718e-01 1.595908033364088763e-01 3.042515520201690693e-01 3.919486385153613806e-01 2.657357989048471647e-01 8.833183359721635819e-01 5.227374914783201598e-01 9.327590378617466316e-01
5.893719150931102657e-01 4.460897631844183420e-01 4.977488924516976221e-01 5.533904907461838218e-02 7.947593964327747118e-01 2.030566877669083559e-01 8.766593638989860215e-01 7.333660114045498224e-01 4.306236412793418289e-01 3.203299365309988933e-01 9.134164458876102566e-02 3.219555802873435568e-01 9.189459195402176483e-01 2.359962778735845423e-01 7.067850229227269354e-01 6.979075358973122478e-01
6.734337344556533267e-02 9.812629894359310434e-01 6.683226035218565730e-01 7.483917436093643349e-01 6.788897731135720148e-01 2.011835354049154589e-01 8.113403069722041616e-01 2.611774931907736089e-02 1.551670662845957560e-01 9.773461120296650373e-01 1.519282024414700567e-02 3.054514633344919128e-01 5.742279419631597381e-01 1.892119618268320036e-01 7.898128160681254784e-01 9.437702024243768140e-01
5.301795267140065882e-01 8.168959037159188863e-02 1.720116332471188503e-01 2.707307717493516175e-01 8.887766621331202321e-01 5.152364176193151568e-01 4.242228474733161780e-01 5.120416781125838313e-01 2.220334042619576398e-01 2.094622255664909671e-01 9.292795006880899544e-02 4.051942961101843987e-02 4.948082832135847903e-02 1.816611523332051226e-01 6.676957473191099668e-01 5.888320667579638457e-01
8.001550863321210683e-01 8.760492553702537988e-01 5.979382348668822456e-01 7.393042701734166000e-01 7.744972170056675480e-03 4.052816193405204825e-01 4.987923699185325410e-01 6.129417963168357630e-01 9.686835734394031450e-01 4.147792567349233850e-01 9.848790662399716789e-01 7.439461144714917262e-01 7.847454761376762011e-01 4.255699293087026880e-01 3.203418181154135125e-01 3.129440713103734395e-01
1.679383886637985102e-01 1.632466516495131859e-01 8.657383083543516156e-01 2.522161818975874326e-01 1.000519378484510807e-01 4.303637969851085709e-01 5.653689012097709021e-01 8.216470725582006307e-02 8.517839304376887410e-01 9.594962582440296206e-01 7.735912584004996928e-01 3.608984676746517239e-01 8.069300323469070779e-01 1.707959785210989567e-01 7.723408198355073973e-01 6.054426383681988932e-01
2.954925491939101589e-01 5.639430070010784668e-01 4.086509376409661609e-01 5.117073708569878088e-01 5.329070946095257888e-01 9.307307249657631454e-01 4.282292201532011955e-01 9.319928284050132961e-01 2.231495986163049838e-01 2.767881718699660709e-01 9.683369424713097473e-01 2.141729278856193130e-01 6.436902590357609366e-01 6.996939113883535732e-01 7.604002673059930828e-01 4.412923828910894075e-01
3.486669980021562254e-01 6.171252652155574392e-01 5.754899148593791702e-01 4.424553177318509278e-01 7.248311073723046061e-01 7.538132746040926424e-01 9.411560812292653344e-02 6.509235312157550801e-01 7.607395805452641380e-01 1.102539162863367811e-01 3.580701303025929927e-01 9.455557191385534077e-01 1.874485162459006427e-01 1.587301833430479958e-03 8.675105551805319948e-01 8.854965500786051713e-01
8.696934155053571702e-01 9.335073024131907982e-01 3.735671998844922181e-01 4.929199006255587379e-01 1.583965044732576211e-01 7.463783351747294015e-02 6.985527510802260753e-01 2.886232096941864222e-01 7.317162224692554950e-01 2.366340148537695864e-01 4.557077773212665495e-01 6.074074497608966672e-01 4.001868812299327338e-01 3.554788200313768742e-02 7.611854293210386091e-01 6.068115921377657818e-02
5.298792399460051650e-01 7.982079256610692397e-01 6.792904273460974585e-01 1.386146165077272452e-01 9.058010536799746548e-01 1.344646116046502582e-01 6.675639207905843531e-01 6.340468859213974628e-01 6.662544147582887162e-03 4.915937345657111490e-01 4.898358706838936705e-01 4.022302725320083261e-01 3.348074082707220844e-01 1.182625738041048202e-01 6.766881054257063433e-01 3.691413536185628730e-01
2.646839071725635706e-01 4.671881704842112404e-01 9.298392315955479326e-01 7.748564892780898106e-01 3.926748859531085656e-01 4.428035207099632609e-01 5.916579190120205833e-01 4.942704083656351832e-01 8.763593254135589872e-01 9.521233230427482708e-01 6.516996624842624763e-01 4.960002336303883652e-01 6.566145190386537545e-01 6.164758285014946271e-01 8.957104131946834746e-01 4.912294495564817898e-01
1.083532666185749171e-01 7.115949021980952915e-01 7.708935998938795109e-01 6.312155845193851977e-01 5.420762359852409062e-01 9.133542647802039838e-01 2.119047949696525046e-01 4.240757501246443240e-01 8.798233703780811155e-01 5.607653373847816536e-02 1.393217337299117349e-02 2.339873690867109168e-01 9.155342490266392685e-01 4.887586329184629430e-01 2.864148193373697859e-01 8.059603554544525483e-01
9.014844955448076957e-01 7.039067853734257696e-01 2.004785176672304881e-01 8.456166223911217861e-01 3.724969607385614778e-01 2.147075271038316469e-01 5.740456273826503170e-02 7.380782048461820288e-01 5.743271059938187539e-01 1.922267975706913046e-01 5.432768198906580137e-01 3.971142937284810048e-01 1.214003269305106575e-01 5.203282627640184455e-01 1.610094399005247701e-01 5.508758914325030676e-02
9.781139093551401154e-02 5.997641438918809714e-02 5.358063382890793092e-01 3.505942162829955855e-02 2.863314934454844196e-01 5.272937136248185830e-01 1.551394932252055658e-01 9.995107713492769330e-02 8.098476329648496286e-01 3.698037346460867347e-01 9.268902858789170862e-01 7.605772793849205904e-01 3.734987068625578166e-01 7.090897261672732821e-01 3.882441808553754869e-02 7.097209866068866502e-01
1.153528062791686210e-01 1.521456265813989073e-01 5.905547844306591188e-01 8.719393206523000650e-01 7.066450439803291517e-02 5.191903561711321835e-01 3.658296202674592434e-01 1.579251659178886602e-01 6.212834029427832805e-01 6.613081947190156962e-01 1.838978125096234484e-01 1.941906249956008024e-01 2.802596301092489250e-01 2.113394654229084624e-01 2.808447315350364182e-01 3.008971009933663135e-02
7.805760172651518558e-02 6.384477624713794652e-01 1.882625422292340533e-01 4.185413692055692803e-01 3.217651561852051256e-01 6.910974659947750620e-01 4.592837655043209288e-01 4.295872503132209808e-01 7.627314328807427435e-01 1.100012417733988446e-01 1.554822959525179182e-01 2.788561402173396486e-02 6.725612603112717247e-01 9.647135894729925720e-01 9.853202573232641703e-02 5.513559786621992087e-01
3.195941331494612236e-01 5.083913755981723792e-01 9.283394741417363427e-01 5.493481888576637884e-01 8.892800536708339587e-01 8.084523207068179396e-01 3.594479386738288484e-01 3.550571331360803939e-01 7.413329127029747445e-01 2.371137740974094965e-01 8.842605944436878751e-01 4.238939688377464377e-01 6.955197727099871052e-01 4.748067289085402404e-02 9.344916470036062073e-01 6.869834125816531856e-01
5.613990474783980833e-01 7.296401362437926474e-01 2.867265988699227441e-01 4.444213219633547096e-01 1.622087798245486767e-01 1.638242045006718384e-01 1.057533281294953248e-01 2.894370251407344385e-01 1.947403170391626137e-01 3.009244539525548490e-01 3.805329000679745222e-01 7.552195765973517272e-01 3.889185560121129481e-01 1.491525242981811550e-01 2.300845735788900892e-01 8.640743292239833062e-01
6.901347696876618532e-01 3.279129188445469301e-01 8.877955536867119246e-01 5.640410076520712135e-01 3.026276773276674326e-01 6.027054015489013983e-01 2.266507142566647481e-01 1.915477808584204258e-02 1.035419991285022913e-02 7.235083303304653546e-01 5.616088928617800624e-01 3.294186609326212323e-01 9.498060017776054353e-01 5.627886677179424479e-01 8.306285374837554247e-01 8.919907032686301696e-01
5.352718584666973367e-01 3.748396670086480698e-01 1.147893129646967852e-01 7.166029456556503030e-01 1.822271239161716017e-01 8.307944238683349913e-02 9.610814327301679671e-02 9.837813693458178355e-01 1.053176514268918673e-01 9.338852967207532385e-02 3.123934471354321563e-01 8.457421339836070084e-02 8.360730516253037647e-01 8.895926395471818182e-01 6.581512236475999256e-01 2.619230289141254997e-01
7.059811315792056119e-01 6.041345457933680052e-01 1.864931980160648983e-01 6.677390054745514503e-01 6.131236248766356312e-01 9.520423784324839878e-02 2.560112686575298224e-01 4.242366458683519831e-02 6.611513649933714598e-01 2.481879174335283045e-01 4.136672916081750584e-01 9.085704578917295215e-01 7.046625568221054348e-01 8.638565136918460174e-01 3.612978491146902060e-01 9.163446046619940777e-01
2.227647658104238426e-01 1.349568502536445114e-01 3.707381470508902543e-01 3.248667903657252443e-01 6.543907716868301305e-01 9.440721807460146220e-01 3.020206124625051669e-01 4.122842711929213255e-01 2.614372680210615418e-01 8.823444576081581614e-01 3.527884449633687802e-02 6.728044288681997998e-01 5.808826604351894352e-01 3.454982489295020942e-01 1.885914677389478045e-01 4.299829655105519843e-01
6.047621015762962016e-02 4.534951860448858119e-01 2.947877908113331613e-01 8.650134943299477852e-01 8.068535310189515197e-01 2.984773392162846650e-01 7.175836492873204353e-01 3.268831517852209267e-01 1.951037092114546456e-01 8.810633979906932201e-01 6.101390677411998587e-01 1.919252537146242873e-02 6.112060428481740360e-01 6.500519808589572124e-01 5.374578241390054467e-01 7.796620772878697370e-01
6.534962595434987698e-01 2.234094806919850740e-01 1.496051992384748175e-01 2.428089949900584521e-01 9.770170393541232068e-01 1.549770884672131352e-02 1.999442663733683456e-01 8.915491815172971179e-01 1.646549063361105458e-01 6.140518373170834876e-02 6.938394091582442691e-01 4.756060100883303665e-01 7.884965222601556523e-01 8.045886979627578928e-01 7.443262475572341025e-03 5.077793204687357509e-01
2.722539164427595360e-01 8.506256560565294000e-01 9.970470689858627056e-01 9.901921517738859757e-02 9.529098364873945792e-01 2.196905629428563822e-01 8.537000042535430877e-01 3.636619394006842532e-01 7.483999445079402291e-01 2.746909985220961081e-01 2.966035492914946836e-01 1.166722715847787750e-01 1.304720247837730385e-01 9.533036641767146380e-01 9.179529570022969265e-02 4.030476426126218814e-01
2.791597772924008791e-01 8.307688713529343127e-01 7.033647632847207509e-01 3.523097842028476423e-01 1.620398416261907837e-01 7.788968337347016435e-01 5.630144021117758912e-01 2.879961898787126717e-01 3.725853471333796518e-01 6.826331621620597145e-01 9.764818319840384842e-01 6.149997928599721941e-01 7.313926993683297906e-02 8.093119489616618090e-01 7.886067783391109698e-01 7.688458417075855200e-01
4.516981023152973340e-01 5.464038413088263546e-01 6.601075876296067513e-01 9.262121097368173350e-01 1.969556772641449793e-01 6.289164789567111002e-01 1.362283710835252570e-01 9.354587402494461967e-01 2.834085946951213630e-01 6.437508603897109660e-01 6.611222002709867818e-01 1.873211965675171675e-01 5.884054188318654788e-01 6.377675167039905668e-01 3.389286734292998315e-01 4.197552929624513429e-01
8.240115468234933144e-04 5.158804004589443437e-01 9.756031670410072465e-01 3.590263531202950720e-01 9.086672941330382891e-02 6.922097335939212392e-01 4.917590712812213716e-01 6.703026626771869667e-01 6.839134011929028922e-01 5.779509141179248743e-01 5.162909224132087443e-02 9.434371027457395531e-01 6.689255813005723361e-01 9.506821052681727613e-01 4.323409366199452986e-02 9.911059989288033556e-01
4.128477472117288993e-01 3.689509489715727675e-01 8.087315257424930737e-01 9.430923512244807627e-01 8.012179341050384984e-01 1.494214147177673480e-01 8.323895047068181618e-01 9.367370695640396816e-01 7.295797061160969044e-01 3.321702141876141656e-01 5.512344547446957899e-01 8.770158668341437869e-01 6.650186647177477317e-01 6.000072580088604557e-01 3.427872563252802318e-01 4.499974311291650153e-01
2.707699452671288864e-01 7.191114662240372102e-01 3.128488462742436416e-01 2.362520617322845795e-01 8.904656417039865657e-01 9.767214661838026224e-01 1.564737665458617588e-01 4.486636712037251895e-01 5.656250583944568699e-01 6.146377953407921035e-01 2.638053345718257003e-01 7.518425441471084936e-01 1.432739977395738884e-01 5.050579552421644025e-02 6.029968181313765108e-01 1.448381811757220305e-01
3.779471824595457830e-01 8.284695195516166288e-01 9.820750163100355756e-01 1.175750514666756563e-01 1.647959859610301225e-01 5.905352395486076489e-01 6.983919179728120818e-01 3.980076950568680050e-01 3.583941079718994116e-02 7.489758159990178576e-01 5.362836811224757083e-01 9.997905501355217606e-01 6.076491924636101549e-01 6.726867506581110101e-01 2.052098134808860719e-01 1.895889849638148286e-02
7.141551652316543430e-01 2.700519388965376688e-01 9.065619059997329643e-01 7.994022397794886547e-01 1.816998184913085068e-01 9.828026721485524919e-02 2.487503726013312322e-01 4.036945841798862677e-02 8.766394642795085623e-01 7.222305336883272364e-01 4.065533600399075520e-01 1.422081354523199379e-02 7.785723579546260931e-01 5.626284921848982989e-01 2.432293210516801585e-01 9.231323781432123621e-01
4.178032917429747028e-01 4.609018022322879937e-01 4.353979847809834047e-01 1.284261052150978688e-01 8.299713430855879537e-01 2.711741433067237361e-01 4.934934945436825204e-01 2.573404556750503724e-01 2.742118538564313757e-01 6.310056345134047451e-01 2.496352780237530156e-01 5.063640709726452416e-01 8.556873870248949965e-01 6.859923571490877947e-01 4.243444556531806855e-01 7.753318022758083350e-01
6.649208875318768364e-01 9.551399768451589445e-01 5.903172785616611629e-01 9.167307613514495968e-01 1.844026993222482591e-01 5.848258679585408570e-01 3.305528394393151270e-01 6.802106192626463654e-01 5.403996305570925029e-01 1.988512984329264266e-01 5.473621548401786940e-01 5.115959591641024984e-01 4.274597282576002022e-01 6.568806875909232179e-01 8.750144414916976032e-01 7.709759789903114502e-01
7.878505314438120077e-01 6.918593109234310035e-01 1.797043046069319860e-01 3.820862071494484646e-01 8.498776482481020800e-01 8.628999053839072619e-01 3.295589733626260176e-01 1.508618797180612814e-01 8.320392598772625714e-01 7.265237417043189927e-01 1.587809792841472223e-01 5.204779118404389004e-01 8.408849156930913171e-01 7.961542065937747825e-01 1.858041286920332769e-01 6.077334729180398076e-01
8.942990684632059484e-01 5.330572068409709097e-01 5.531598254603087295e-01 4.877066889748478129e-01 5.720489012899862002e-01 9.454046306690760959e-01 5.237448683095159430e-01 1.375731412615441296e-01 7.971123471592350684e-01 1.833258841093255709e-01 1.320815700243178070e-01 2.221111261460618214e-01 7.034726789696671423e-01 7.837972830223555176e-01 3.309600235052851391e-01 1.820386714251214233e-01
4.389512813228599875e-01 4.385016682225604256e-01 1.812932401518565773e-01 2.588586812810864113e-01 3.430735335099651673e-01 7.901663794290090248e-01 1.666158741432257340e-01 4.089840823759859356e-01 7.013204369746393885e-02 2.036931670750118661e-01 6.646590789761243068e-01 9.325473909732759914e-01 4.319605258763114519e-01 6.411853587596409998e-01 1.974646594820073375e-01 3.687392803942570185e-01
1.316516900902988674e-01 6.859457234188696129e-01 5.292365489081478636e-01 3.413852464289607869e-01 4.498388520054436013e-01 3.051226004249859014e-01 2.404054242335481595e-01 2.302515153129354453e-01 3.789092079113425271e-01 4.645441479062483170e-01 6.602374241427201307e-01 1.156448437501063214e-01 6.967911625543221632e-01 9.890715663276169467e-01 7.040509911901968731e-01 7.776167281788298746e-01
4.475477412733236404e-01 9.527656471020115037e-01 5.910280783144113842e-02 1.738874541867021228e-01 4.765186355513421623e-01 9.348860225904271903e-01 2.008508771923326885e-01 6.783761301437836178e-01 1.237126406033102338e-01 3.971688222616735486e-01 9.875870464350766653e-01 6.695943018531141933e-01 5.991707562984188717e-01 2.283116345927341528e-01 1.186305997292403346e-02 7.009948439918859409e-01
1.973634550678423083e-01 5.503690024334264574e-01 8.507068582413296332e-01 6.146405292527110653e-01 1.068296873956104953e-01 6.585826872233738749e-01 4.896799358956543946e-01 6.448458335334091851e-01 5.393832096055172221e-01 5.091424680135512304e-01 7.854002537940442119e-01 5.308939402943191332e-01 6.703841545009143754e-01 1.301940027722170989e-01 4.330345875903707786e-01 4.448167282077155615e-01
7.460771931686744907e-01 7.109566789324003183e-03 4.461381236959529040e-01 5.872108014052217495e-01 1.634721228571771601e-01 5.342208739203926360e-01 8.207591138539072073e-02 9.220348884156072122e-01 3.489991834297006545e-01 6.087862366852556661e-01 6.585682058784493309e-01 3.792118545789181505e-01 4.551869802866944648e-01 2.042217573986369536e-02 8.958801073415909588e-01 4.949154380872255454e-01
2.793522507728411486e-01 8.586230062279103237e-01 8.500110366492630298e-01 5.756907533403520238e-01 9.205087397611384503e-01 3.465794613458161172e-02 7.030569486796808820e-02 1.060033315484611299e-01 6.120641373137565289e-01 9.259395924550702095e-02 1.180078360733637088e-01 3.705657864460260575e-01 2.242884842954271929e-01 5.183916809229589112e-02 7.485721544294763330e-01 2.563854314677505367e-02
8.628217012399487240e-01 8.233262037029709379e-02 1.529258547013336300e-01 6.804374912393823527e-01 8.548200580875426891e-01 4.453802889704172041e-01 6.137126214783041045e-02 8.638815027242348066e-01 1.069774259671498751e-01 7.943055493043458259e-01 4.571812723538987155e-01 6.157321443853291942e-01 5.292227648236051962e-01 8.324096896022987746e-01 1.643774422713719652e-01 2.414615721516068236e-01
5.258115578925613987e-01 6.988871565531845631e-01 6.554728524825752523e-01 5.203958263383595684e-01 5.194729380563376520e-01 7.524607726987175838e-01 5.700609386070430995e-01 6.561530641327661950e-01 7.382870901831787291e-01 1.150646729265517726e-01 8.962899883574722004e-01 9.110013089564107380e-01 6.623530100001658871e-01 8.460794767338385425e-01 6.102898378809783475e-01 5.383088548694022757e-01
8.322902376798430035e-01 6.484912691627147119e-01 4.084574304745320905e-01 4.050934536880040904e-01 1.104202546743015267e-01 1.504099251670730497e-01 3.339215345118693445e-01 7.325087040224047552e-01 2.376705560683937679e-01 3.324150002240590651e-01 8.071090648622055719e-01 8.323819292730394448e-01 2.266194144533910104e-01 1.404455586627060271e-01 8.032002119062244816e-01 6.847686471244539552e-01
1.689490267986689942e-01 6.562042424660762263e-01 6.390161709328442963e-02 6.062643229651328847e-01 1.982535084648014492e-02 7.960670119575490311e-01 5.346715621344586555e-01 6.783081255653985453e-01 9.376100097928832255e-01 2.768711417915109552e-01 7.761324686334282463e-02 6.773531163763190088e-01 1.970651218125510640e-01 1.344757756644054513e-03 3.420920383752569238e-01 5.569997906661351417e-01
