1.922000000000000000e+03
2.902000000000000000e+03
2.599000000000000000e+03
3.897000000000000000e+03
2.060000000000000000e+03
2.902000000000000000e+03
2.598000000000000000e+03
3.899000000000000000e+03
2.159000000000000000e+03
3.097000000000000000e+03
2.400000000000000000e+03
2.999000000000000000e+03
1.892000000000000000e+03
3.998000000000000000e+03
2.104000000000000000e+03
3.098000000000000000e+03
8.526000976562500000e+01
7.163999938964843750e+01
1.794671630859375000e+02
8.424000549316406250e+01
5.778002929687500000e+01
1.749176635742187500e+02
8.148002624511718750e+01
9.191999816894531250e+01
1.802415466308593750e+02
7.805998992919921875e+01
7.217999267578125000e+01
1.806287536621093750e+02
5.525999450683593750e+01
1.064399719238281250e+02
1.840167999267578125e+02
1.951800231933593750e+02
4.419000244140625000e+02
4.496360168457031250e+02
3.129600219726562500e+02
6.571201171875000000e+02
7.200952148437500000e+02
3.256199951171875000e+02
1.852200317382812500e+02
3.434463806152343750e+02
2.158800048828125000e+02
4.831199951171875000e+02
4.826447753906250000e+02
4.327200317382812500e+02
2.574600219726562500e+02
4.646399841308593750e+02
2.754600219726562500e+02
5.383800048828125000e+02
3.582567443847656250e+02
3.287400207519531250e+02
8.371799926757812500e+02
5.224296264648437500e+02
5.902199707031250000e+02
3.247800292968750000e+02
5.660864257812500000e+02
2.605800170898437500e+02
5.619599609375000000e+02
3.483831787109375000e+02
4.752000122070312500e+02
3.134400024414062500e+02
3.812951660156250000e+02
2.348400115966796875e+02
5.165400390625000000e+02
3.808112182617187500e+02
4.182599792480468750e+02
8.620799560546875000e+02
5.563095703125000000e+02
8.199000244140625000e+02
3.618600158691406250e+02
5.821551513671875000e+02
4.209000549316406250e+02
8.116199951171875000e+02
3.681304321289062500e+02
4.533600463867187500e+02
2.398199920654296875e+02
4.181759948730468750e+02
